acc = 0.7925531914893617
auc_roc = 0.8736831423774469
eval_loss = 0.5315668687224389
eval_loss_reg = 0.0
f1 = 0.7547169811320755
global_step = 800
loss = 0.06086442698258145
precision = 0.7712082262210797
recall = 0.7389162561576355
