acc = 0.7957446808510639
auc_roc = 0.8780465305068172
eval_loss = 0.48769427090883255
eval_loss_reg = 0.0
f1 = 0.7611940298507462
global_step = 600
loss = 0.012907881749170853
precision = 0.7688442211055276
recall = 0.7536945812807881
