acc = 0.7946808510638298
auc_roc = 0.8757771996826627
eval_loss = 0.4479806373516719
eval_loss_reg = 0.0
f1 = 0.7596513075965131
global_step = 400
loss = 0.09422379424793154
precision = 0.7682619647355163
recall = 0.7512315270935961
