acc = 0.7893617021276595
auc_roc = 0.8772900868987656
eval_loss = 0.6365916033585867
eval_loss_reg = 0.0
f1 = 0.7692307692307693
global_step = 1000
loss = 0.01934892390481934
precision = 0.7300884955752213
recall = 0.812807881773399
