acc = 0.7074468085106383
auc_roc = 0.7914890869172155
eval_loss = 0.6053335756063462
eval_loss_reg = 0.0
f1 = 0.6268656716417911
global_step = 200
loss = 0.5515002488342151
precision = 0.6978851963746223
recall = 0.5689655172413793
