acc = 0.6893617021276596
auc_roc = 0.7517158355011899
eval_loss = 0.6096024493376414
eval_loss_reg = 0.0
f1 = 0.6481927710843374
global_step = 200
loss = 0.5152944056687163
precision = 0.6344339622641509
recall = 0.6625615763546798
