acc = 0.7351063829787234
auc_roc = 0.8133106400250918
eval_loss = 0.5673892309268316
eval_loss_reg = 0.0
f1 = 0.7325456498388828
global_step = 600
loss = 0.02082265049839666
precision = 0.6495238095238095
recall = 0.8399014778325123
