acc = 0.7308510638297873
auc_roc = 0.8039750189110901
eval_loss = 0.5721820712089538
eval_loss_reg = 0.0
f1 = 0.7179487179487178
global_step = 400
loss = 0.4400717502179387
precision = 0.6558044806517311
recall = 0.7931034482758621
