acc = 0.6723404255319149
auc_roc = 0.8486651537794506
eval_loss = 0.8267236073811849
eval_loss_reg = 0.0
f1 = 0.717948717948718
global_step = 400
loss = 0.348911202708172
precision = 0.5714285714285714
recall = 0.9655172413793104
