acc = 0.7563829787234042
auc_roc = 0.8342143133890518
eval_loss = 0.5108886649211247
eval_loss_reg = 0.0
f1 = 0.7270560190703218
global_step = 1000
loss = 0.13074853755718652
precision = 0.7043879907621247
recall = 0.7512315270935961
