acc = 0.75
auc_roc = 0.8300769358498921
eval_loss = 0.5122627735137939
eval_loss_reg = 0.0
f1 = 0.7058823529411765
global_step = 800
loss = 0.08779296996769329
precision = 0.7175572519083969
recall = 0.6945812807881774
