acc = 0.4319148936170213
auc_roc = 0.7845288832309366
eval_loss = 0.9306978046894073
eval_loss_reg = 0.0
f1 = 0.6032689450222883
global_step = 200
loss = 0.47141598947322644
precision = 0.4319148936170213
recall = 1.0
