acc = 0.5361702127659574
auc_roc = 0.8057831036327743
eval_loss = 0.9014888107776642
eval_loss_reg = 0.0
f1 = 0.6483870967741936
global_step = 400
loss = 0.4221873741595882
precision = 0.48201438848920863
recall = 0.9901477832512315
