acc = 0.4340425531914894
auc_roc = 0.5021816940646852
eval_loss = 0.7135804414749145
eval_loss_reg = 0.0
f1 = 0.6041666666666666
global_step = 0
loss = 3228850066.6618347
precision = 0.43283582089552236
recall = 1.0
