acc = 0.6585106382978724
auc_roc = 0.8292051807162231
eval_loss = 0.7019211033980052
eval_loss_reg = 0.0
f1 = 0.7057745187901008
global_step = 600
loss = 0.02382668322572708
precision = 0.5620437956204379
recall = 0.9482758620689655
