acc = 0.801063829787234
auc_roc = 0.8716029224553052
eval_loss = 0.46209517419338225
eval_loss_reg = 0.0
f1 = 0.7694204685573367
global_step = 600
loss = 0.01656549664834859
precision = 0.7703703703703704
recall = 0.7684729064039408
