acc = 0.6329787234042553
auc_roc = 0.8254460249810888
eval_loss = 0.8198237756888072
eval_loss_reg = 0.0
f1 = 0.6933333333333332
global_step = 800
loss = 0.09670761944259239
precision = 0.5424200278164116
recall = 0.9605911330049262
