acc = 0.6393617021276595
auc_roc = 0.8079048357041384
eval_loss = 0.9287706991036733
eval_loss_reg = 0.0
f1 = 0.6959641255605383
global_step = 200
loss = 0.3807438333423767
precision = 0.5472496473906912
recall = 0.9556650246305419
