acc = 0.9404474002418379
auc_roc = 0.9733986737525278
eval_loss = 0.20083237463572565
eval_loss_reg = 0.0018653015034626758
f1 = 0.9291111910759267
global_step = 4000
loss = 0.009421689174137774
precision = 0.9195156695156695
recall = 0.9389090909090909
