acc = 0.8615477629987908
auc_roc = 0.9710998448008278
eval_loss = 0.35001031459810644
eval_loss_reg = 0.011577220229475023
f1 = 0.8534868841970569
global_step = 600
loss = 0.18162625147143144
precision = 0.7618503712164477
recall = 0.9701818181818181
