acc = 0.9362152357920194
auc_roc = 0.9734818228848235
eval_loss = 0.19217071854151213
eval_loss_reg = 0.0021538335116804723
f1 = 0.924018725243068
global_step = 2000
loss = 0.011257168080657158
precision = 0.9151212553495007
recall = 0.9330909090909091
