acc = 0.941354292623942
auc_roc = 0.9738245779052815
eval_loss = 0.18503660386284956
eval_loss_reg = 0.0011991665146541004
f1 = 0.9292487235594457
global_step = 3000
loss = 0.05570421534590237
precision = 0.9319678127286027
recall = 0.9265454545454546
