acc = 0.9165659008464329
auc_roc = 0.9700804213892678
eval_loss = 0.28303501196205616
eval_loss_reg = 0.009123776420410536
f1 = 0.9044321329639889
global_step = 400
loss = 0.1987154170404623
precision = 0.8631857237276933
recall = 0.9498181818181818
