acc = 0.9168681983071342
auc_roc = 0.9705273950054084
eval_loss = 0.2855222780042543
eval_loss_reg = 0.0036808823084226658
f1 = 0.9054007567939456
global_step = 800
loss = 0.171213236727905
precision = 0.8590078328981723
recall = 0.9570909090909091
