acc = 0.8905683192261185
auc_roc = 0.9690837605229741
eval_loss = 0.3458701664438614
eval_loss_reg = 0.0062111835035166384
f1 = 0.8794940079893476
global_step = 200
loss = 0.24209009418251928
precision = 0.810926949048496
recall = 0.9607272727272728
