acc = 0.6117021276595744
auc_roc = 0.647644877400786
eval_loss = 1.1253121713797252
eval_loss_reg = 0.0
f1 = 0.23157894736842105
global_step = 0
loss = None
precision = 0.7971014492753623
recall = 0.1354679802955665
