acc = 0.93863361547763
auc_roc = 0.9734780604806472
eval_loss = 0.19639967555681673
eval_loss_reg = 0.002903807986413263
f1 = 0.9268468468468468
global_step = 5000
loss = 0.030822505016438045
precision = 0.9185714285714286
recall = 0.9352727272727273
