acc = 0.5968085106382979
auc_roc = 0.6468007970332651
eval_loss = 0.6940296590328217
eval_loss_reg = 0.002341185494960421
f1 = 0.3268206039076377
global_step = 0
loss = None
precision = 0.5859872611464968
recall = 0.22660098522167488
