acc = 0.9247279322853688
auc_roc = 0.971909326059352
eval_loss = 0.2995343621676931
eval_loss_reg = 0.0018073010272526798
f1 = 0.9126622237811295
global_step = 1000
loss = 0.16266732155227337
precision = 0.8814363143631436
recall = 0.9461818181818182
