acc = 0.9407496977025392
auc_roc = 0.973528476696609
eval_loss = 0.18534945943751013
eval_loss_reg = 0.003852589332023476
f1 = 0.9283625730994153
global_step = 1000
loss = 0.25661427972835715
precision = 0.9331373989713446
recall = 0.9236363636363636
