acc = 0.5716444981862152
auc_roc = 0.4533258712317171
eval_loss = 0.688886675123985
eval_loss_reg = 3.973986889361413e-05
f1 = 0.04062288422477997
global_step = 0
loss = 3675575256.3476562
precision = 0.29411764705882354
recall = 0.02181818181818182
