acc = 0.8694304533126695
auc_roc = 0.7700645604696902
eval_loss = 0.4791623651981354
eval_loss_reg = 0.0
f1 = 0.29052631578947363
global_step = 200
loss = 0.6297232271727752
precision = 0.28512396694214875
recall = 0.296137339055794
