acc = 0.8578070515304146
auc_roc = 0.8410463475444355
eval_loss = 0.39516483780778483
eval_loss_reg = 0.0
f1 = 0.41467304625199364
global_step = 600
loss = 0.5673744908967662
precision = 0.3299492385786802
recall = 0.5579399141630901
