acc = 0.9066253390158853
auc_roc = 0.8269077509121087
eval_loss = 0.3372327278793594
eval_loss_reg = 0.0
f1 = 0.26747720364741645
global_step = 400
loss = 0.5961180305665732
precision = 0.4583333333333333
recall = 0.1888412017167382
