acc = 0.8857032158078264
auc_roc = 0.8464385725044054
eval_loss = 0.34372845899175714
eval_loss_reg = 0.0
f1 = 0.4227005870841487
global_step = 800
loss = 0.5501674176006821
precision = 0.38848920863309355
recall = 0.463519313304721
