acc = 0.8841982958946553
auc_roc = 0.8459146989065198
eval_loss = 0.3420936711776404
eval_loss_reg = 0.0
f1 = 0.41715399610136455
global_step = 0
loss = None
precision = 0.421259842519685
recall = 0.41312741312741313
