acc = 0.8911274699728787
auc_roc = 0.8482262321691003
eval_loss = 0.3287848699607967
eval_loss_reg = 0.0
f1 = 0.42061855670103093
global_step = 1000
loss = 0.5319553445800607
precision = 0.40476190476190477
recall = 0.43776824034334766
