acc = 0.8934521503293297
auc_roc = 0.8549893617799095
eval_loss = 0.3280374459278436
eval_loss_reg = 0.003808113820087873
f1 = 0.43762781186094074
global_step = 800
loss = 0.550158753814107
precision = 0.41796875
recall = 0.4592274678111588
