acc = 0.9027508717551337
auc_roc = 0.8250871895357933
eval_loss = 0.34603538594128175
eval_loss_reg = 0.0013596244342461016
f1 = 0.31232876712328766
global_step = 400
loss = 0.5933027910253412
precision = 0.4318181818181818
recall = 0.2446351931330472
