acc = 0.8109259976753197
auc_roc = 0.8474027754421625
eval_loss = 0.4525099451895113
eval_loss_reg = 0.00469559464266224
f1 = 0.40049140049140053
global_step = 600
loss = 0.5693832856415753
precision = 0.28055077452667815
recall = 0.6995708154506438
