acc = 0.872917473847346
auc_roc = 0.8613320806311279
eval_loss = 0.34459234718923215
eval_loss_reg = 0.005692587177784467
f1 = 0.44781144781144777
global_step = 1200
loss = 0.5232295992473325
precision = 0.3684210526315789
recall = 0.5708154506437768
