acc = 0.8899651297946533
auc_roc = 0.8582978116706027
eval_loss = 0.32214366929766575
eval_loss_reg = 0.005415322935171608
f1 = 0.44961240310077516
global_step = 1000
loss = 0.5305123754143184
precision = 0.4098939929328622
recall = 0.4978540772532189
