acc = 0.9093374660984115
auc_roc = 0.5389346060202821
eval_loss = 0.47885777479336583
eval_loss_reg = 4.6211892992426554e-05
f1 = 0.0
global_step = 0
loss = 2154907882.2135925
precision = 0.0
recall = 0.0
