acc = 0.8938807126258714
auc_roc = 0.8549181676603115
eval_loss = 0.31827395952042237
eval_loss_reg = 0.0
f1 = 0.43621399176954734
global_step = 0
loss = None
precision = 0.4669603524229075
recall = 0.4092664092664093
