acc = 0.9043006586594343
auc_roc = 0.7731737722177947
eval_loss = 0.4549326245431547
eval_loss_reg = 0.00022053507301818568
f1 = 0.10830324909747291
global_step = 200
loss = 0.6276210139688692
precision = 0.3409090909090909
recall = 0.06437768240343347
