acc = 0.9054629988376598
auc_roc = 0.7786848089141704
eval_loss = 0.46818746129671734
eval_loss_reg = 0.0002043221767734438
f1 = 0.08270676691729323
global_step = 200
loss = 0.6283383471515613
precision = 0.3333333333333333
recall = 0.04721030042918455
