acc = 0.9066253390158853
auc_roc = 0.841008876150646
eval_loss = 0.3467015826407774
eval_loss_reg = 0.0020412517160360685
f1 = 0.2098360655737705
global_step = 400
loss = 0.5990724131277196
precision = 0.4444444444444444
recall = 0.13733905579399142
