acc = 0.8977140643161565
auc_roc = 0.8622789187766412
eval_loss = 0.3225622434674958
eval_loss_reg = 0.005292124466437277
f1 = 0.4476987447698745
global_step = 800
loss = 0.5496557503844856
precision = 0.43673469387755104
recall = 0.4592274678111588
