acc = 0.8756296009298722
auc_roc = 0.8689287202696478
eval_loss = 0.34283998019901324
eval_loss_reg = 0.00727973443378687
f1 = 0.4568527918781726
global_step = 1200
loss = 0.5179315427938666
precision = 0.3770949720670391
recall = 0.5793991416309013
