acc = 0.8783888458559257
auc_roc = 0.8608792052614698
eval_loss = 0.34201375441050824
eval_loss_reg = 0.0
f1 = 0.47491638795986624
global_step = 0
loss = None
precision = 0.41887905604719766
recall = 0.5482625482625483
