acc = 0.8167376985664471
auc_roc = 0.8557168551812884
eval_loss = 0.43689712477319037
eval_loss_reg = 0.006709583890169828
f1 = 0.410958904109589
global_step = 600
loss = 0.57080022082965
precision = 0.2894736842105263
recall = 0.7081545064377682
