acc = 0.8938395970554048
auc_roc = 0.8660882058331079
eval_loss = 0.32224090342168454
eval_loss_reg = 0.006086348679075543
f1 = 0.45634920634920634
global_step = 1000
loss = 0.5294802708625264
precision = 0.42435424354243545
recall = 0.49356223175965663
