acc = 0.8902660217654171
auc_roc = 0.9481540704510183
eval_loss = 0.2833472289001712
eval_loss_reg = 0.0
f1 = 0.86358511837655
global_step = 5000
loss = 0.07469419461488574
precision = 0.8934681181959565
recall = 0.8356363636363636
