acc = 0.8582224909310762
auc_roc = 0.9633084701124018
eval_loss = 0.37675327184395146
eval_loss_reg = 0.0
f1 = 0.849438202247191
global_step = 1000
loss = 0.2212406126372295
precision = 0.7603448275862069
recall = 0.9621818181818181
