acc = 0.9132406287787183
auc_roc = 0.971314489959084
eval_loss = 0.2886668107687281
eval_loss_reg = 0.0
f1 = 0.9012727898176816
global_step = 400
loss = 0.198111153725718
precision = 0.8550913838120104
recall = 0.9527272727272728
