acc = 0.5861702127659575
auc_roc = 0.6075533661740558
eval_loss = 0.7336457113424937
eval_loss_reg = 0.0
f1 = 0.43045387994143486
global_step = 0
loss = None
precision = 0.5306859205776173
recall = 0.3620689655172414
