acc = 0.6117021276595744
auc_roc = 0.643650486153392
eval_loss = 0.9031093100706736
eval_loss_reg = 0.0
f1 = 0.3126177024482109
global_step = 0
loss = None
precision = 0.664
recall = 0.2044334975369458
