acc = 0.8597339782345829
auc_roc = 0.9646698960635847
eval_loss = 0.37733697719298875
eval_loss_reg = 0.0
f1 = 0.8505154639175257
global_step = 1200
loss = 0.2124670090242888
precision = 0.763447079236553
recall = 0.96
