acc = 0.7227932285368803
auc_roc = 0.9452566429948737
eval_loss = 0.5490737239328715
eval_loss_reg = 0.0
f1 = 0.7456310679611652
global_step = 200
loss = 0.3690495101081225
precision = 0.6026905829596413
recall = 0.9774545454545455
