acc = 0.5773881499395405
auc_roc = 0.47630005173305745
eval_loss = 0.6874811609203999
eval_loss_reg = 0.0
f1 = 0.022377622377622378
global_step = 0
loss = 3693922460.079193
precision = 0.2909090909090909
recall = 0.011636363636363636
