acc = 0.8364570737605804
auc_roc = 0.9602135164370033
eval_loss = 0.39576273561956793
eval_loss_reg = 0.0
f1 = 0.8296062992125985
global_step = 600
loss = 0.2551830221091282
precision = 0.7316666666666667
recall = 0.9578181818181818
