acc = 0.8712212817412334
auc_roc = 0.9349239524055873
eval_loss = 0.3387478024054032
eval_loss_reg = 0.0
f1 = 0.8376524390243902
global_step = 1000
loss = 0.5265329024493167
precision = 0.8799039231385108
recall = 0.7992727272727272
