acc = 0.9265417170495768
auc_roc = 0.9699417767953722
eval_loss = 0.273366572550283
eval_loss_reg = 0.0
f1 = 0.914766748509295
global_step = 400
loss = 0.18985560708790927
precision = 0.8834688346883469
recall = 0.9483636363636364
