acc = 0.8733373639661427
auc_roc = 0.9696530122748437
eval_loss = 0.38035083218262744
eval_loss_reg = 0.0
f1 = 0.8634734441186054
global_step = 200
loss = 0.22724476114369743
precision = 0.782172373081464
recall = 0.9636363636363636
