acc = 0.5829787234042553
auc_roc = 0.6161094813748824
eval_loss = 0.7269603749116261
eval_loss_reg = 0.0
f1 = 0.3875
global_step = 0
loss = None
precision = 0.5299145299145299
recall = 0.3054187192118227
