acc = 0.8887545344619106
auc_roc = 0.9468090109580022
eval_loss = 0.28666086967747945
eval_loss_reg = 0.0
f1 = 0.8610271903323263
global_step = 3000
loss = 0.11644555843372752
precision = 0.8955223880597015
recall = 0.8290909090909091
