acc = 0.8827085852478839
auc_roc = 0.9442844377557259
eval_loss = 0.29653320303903175
eval_loss_reg = 0.0
f1 = 0.8489096573208723
global_step = 2000
loss = 0.022477405719457933
precision = 0.9136630343671417
recall = 0.7927272727272727
