acc = 0.8851269649334945
auc_roc = 0.9684983304331467
eval_loss = 0.3648537920358089
eval_loss_reg = 0.0
f1 = 0.8748353096179183
global_step = 200
loss = 0.24258771961077097
precision = 0.7995183624322697
recall = 0.9658181818181818
