acc = 0.5914893617021276
auc_roc = 0.6361413996051732
eval_loss = 0.7400591135025024
eval_loss_reg = 0.0
f1 = 0.5665914221218963
global_step = 0
loss = None
precision = 0.5229166666666667
recall = 0.6182266009852216
