acc = 0.8890568319226119
auc_roc = 0.9475584818699148
eval_loss = 0.28436870529101443
eval_loss_reg = 0.0
f1 = 0.8607210626185958
global_step = 4000
loss = 0.020814078912138417
precision = 0.9
recall = 0.8247272727272728
