acc = 0.8403869407496977
auc_roc = 0.9616977848845414
eval_loss = 0.3899013169396382
eval_loss_reg = 0.0
f1 = 0.8334384858044164
global_step = 800
loss = 0.23577545540055106
precision = 0.735933147632312
recall = 0.9607272727272728
