acc = 0.8168077388149939
auc_roc = 0.9571059587076142
eval_loss = 0.42066069377156406
eval_loss_reg = 0.0
f1 = 0.8133086876155268
global_step = 400
loss = 0.29186790816944247
precision = 0.7055050774986639
recall = 0.96
