acc = 0.9046881053855095
auc_roc = 0.8181083709265852
eval_loss = 0.341021936064885
eval_loss_reg = 0.0006537981974115556
f1 = 0.18
global_step = 400
loss = 0.5993273427708439
precision = 0.40298507462686567
recall = 0.11587982832618025
