acc = 0.9031383184812088
auc_roc = 0.7680995971368201
eval_loss = 0.4579446680015988
eval_loss_reg = 0.0001381781873272959
f1 = 0.10071942446043167
global_step = 200
loss = 0.6279449680444439
precision = 0.3111111111111111
recall = 0.060085836909871244
