acc = 0.8372723750484309
auc_roc = 0.8392861059727574
eval_loss = 0.4217976412655395
eval_loss_reg = 0.0036198643478815443
f1 = 0.4067796610169492
global_step = 600
loss = 0.5754641616343492
precision = 0.3031578947368421
recall = 0.6180257510729614
