acc = 0.887253002712127
auc_roc = 0.8497982028353964
eval_loss = 0.3272722249413714
eval_loss_reg = 0.0028593426828307524
f1 = 0.42829076620825146
global_step = 800
loss = 0.5556278483475795
precision = 0.39492753623188404
recall = 0.4678111587982833
