acc = 0.8864781092599767
auc_roc = 0.8539401627538001
eval_loss = 0.3133157416258329
eval_loss_reg = 0.0036958481791914285
f1 = 0.4151696606786427
global_step = 1000
loss = 0.5324702466800276
precision = 0.3880597014925373
recall = 0.44635193133047213
