acc = 0.7595744680851064
auc_roc = 0.8315021863065257
eval_loss = 0.534647931655248
eval_loss_reg = 0.0012101677853776438
f1 = 0.730952380952381
global_step = 800
loss = 0.09536333445924074
precision = 0.7073732718894009
recall = 0.7561576354679803
