acc = 0.6542553191489362
auc_roc = 0.7228556668696149
eval_loss = 0.6495028654734294
eval_loss_reg = 0.000554432117685683
f1 = 0.6546227417640808
global_step = 200
loss = 0.5264696431157341
precision = 0.5757009345794393
recall = 0.7586206896551724
