acc = 0.7223404255319149
auc_roc = 0.8132414531097213
eval_loss = 0.5842202504475912
eval_loss_reg = 0.0011525348254940529
f1 = 0.7278415015641293
global_step = 600
loss = 0.021926389858122983
precision = 0.6311030741410488
recall = 0.8596059113300493
