acc = 0.7131594906003639
auc_roc = 0.7801658285059521
eval_loss = 0.5783906951546669
eval_loss_reg = 0.0007072393484489766
f1 = 0.6685353889278206
global_step = 0
loss = None
precision = 0.6411290322580645
recall = 0.698389458272328
