acc = 0.7531914893617021
auc_roc = 0.8363729451486135
eval_loss = 0.5297307868798574
eval_loss_reg = 0.0010322170215185833
f1 = 0.7327188940092165
global_step = 1000
loss = 0.13887594953923027
precision = 0.6883116883116883
recall = 0.7832512315270936
