acc = 0.6893617021276596
auc_roc = 0.7975729230088006
eval_loss = 0.6182103157043457
eval_loss_reg = 0.0008879017475762598
f1 = 0.7131630648330057
global_step = 400
loss = 0.4559212581625931
precision = 0.5931372549019608
recall = 0.8940886699507389
