acc = 0.5670212765957446
auc_roc = 0.536770539288943
eval_loss = 0.7072708547115326
eval_loss_reg = 0.00017620881819956769
f1 = 0.004889975550122249
global_step = 0
loss = 3326513469.219208
precision = 0.3333333333333333
recall = 0.0024630541871921183
