acc = 0.7542553191489362
auc_roc = 0.8384208778435822
eval_loss = 0.5239290654659271
eval_loss_reg = 0.0009970375864047354
f1 = 0.7298245614035087
global_step = 1200
loss = 0.01914495646177321
precision = 0.6948775055679287
recall = 0.7684729064039408
