acc = 0.8845408756296009
auc_roc = 0.8356705734402762
eval_loss = 0.3434442741635405
eval_loss_reg = 0.0
f1 = 0.3943089430894309
global_step = 800
loss = 0.5594761495757148
precision = 0.3745173745173745
recall = 0.41630901287553645
