acc = 0.8733049205734211
auc_roc = 0.7579421076105315
eval_loss = 0.49847545557551914
eval_loss_reg = 0.0
f1 = 0.2749445676274944
global_step = 200
loss = 0.6313965130594197
precision = 0.28440366972477066
recall = 0.26609442060085836
