acc = 0.9066253390158853
auc_roc = 0.8182290105358593
eval_loss = 0.33342173217255394
eval_loss_reg = 0.0
f1 = 0.13620071684587814
global_step = 400
loss = 0.6007757715134311
precision = 0.41304347826086957
recall = 0.0815450643776824
