acc = 0.856257264626114
auc_roc = 0.8292657069115529
eval_loss = 0.39689897975803895
eval_loss_reg = 0.0
f1 = 0.39279869067103107
global_step = 600
loss = 0.5743415531266765
precision = 0.31746031746031744
recall = 0.5150214592274678
