acc = 0.8880278961642775
auc_roc = 0.8381400296846554
eval_loss = 0.32821018662717605
eval_loss_reg = 0.0
f1 = 0.3966597077244258
global_step = 1000
loss = 0.5408817068710382
precision = 0.3861788617886179
recall = 0.40772532188841204
