acc = 0.8950426026336173
auc_roc = 0.8348776794751828
eval_loss = 0.31828058630595973
eval_loss_reg = 0.0
f1 = 0.3532219570405728
global_step = 0
loss = None
precision = 0.4625
recall = 0.2857142857142857
