acc = 0.6659574468085107
auc_roc = 0.8171712699027694
eval_loss = 0.7351937264204025
eval_loss_reg = 0.001285411907790729
f1 = 0.7048872180451128
global_step = 400
loss = 0.3650721590685677
precision = 0.5699088145896657
recall = 0.9236453201970444
