acc = 0.7424425634824667
auc_roc = 0.9598893853172178
eval_loss = 0.5342555379924866
eval_loss_reg = 0.0005147118666806916
f1 = 0.7606741573033706
global_step = 0
loss = None
precision = 0.6196796338672769
recall = 0.9847272727272727
