acc = 0.7202127659574468
auc_roc = 0.8512342945702109
eval_loss = 0.6557586054007213
eval_loss_reg = 0.0009439298310914211
f1 = 0.7351460221550855
global_step = 1000
loss = 0.10893327147885067
precision = 0.6218057921635435
recall = 0.8990147783251231
