acc = 0.6638297872340425
auc_roc = 0.7969133410822677
eval_loss = 0.704807530840238
eval_loss_reg = 0.0007506847799165551
f1 = 0.7024482109227872
global_step = 200
loss = 0.39292619612048296
precision = 0.5685975609756098
recall = 0.9187192118226601
