acc = 0.7138297872340426
auc_roc = 0.8469031936680136
eval_loss = 0.679338804880778
eval_loss_reg = 0.0014192260537438947
f1 = 0.7312687312687313
global_step = 600
loss = 0.0155356051058793
precision = 0.6151260504201681
recall = 0.9014778325123153
