acc = 0.7095744680851064
auc_roc = 0.8495968709064409
eval_loss = 0.6130187074343364
eval_loss_reg = 0.0007806670869181833
f1 = 0.7261785356068206
global_step = 800
loss = 0.0707885592244477
precision = 0.6125211505922166
recall = 0.8916256157635468
