acc = 0.6094602789569437
auc_roc = 0.920422285981042
eval_loss = 0.6440289169549942
eval_loss_reg = 0.0
f1 = 0.6775162744116174
global_step = 600
loss = 0.48808888878044293
precision = 0.5148401826484018
recall = 0.9904831625183016
