acc = 0.7198302001212856
auc_roc = 0.9353650015611312
eval_loss = 0.5696543469451941
eval_loss_reg = 0.0
f1 = 0.744186046511628
global_step = 1200
loss = 0.3842741788799244
precision = 0.5983971504897596
recall = 0.9838945827232797
