acc = 0.4332929047907823
auc_roc = 0.7248832182946385
eval_loss = 0.8351428571801919
eval_loss_reg = 0.0
f1 = 0.5932535364526659
global_step = 200
loss = 0.7352181338515182
precision = 0.422112109012078
recall = 0.9978038067349927
