acc = 0.6822316555488175
auc_roc = 0.9306967646693283
eval_loss = 0.5943906307220459
eval_loss_reg = 0.0
f1 = 0.7199358631747729
global_step = 800
loss = 0.44066223986441344
precision = 0.5669191919191919
recall = 0.986090775988287
