acc = 0.5989361702127659
auc_roc = 0.678128632313057
eval_loss = 0.688490378856659
eval_loss_reg = 0.0
f1 = 0.6248756218905472
global_step = 0
loss = None
precision = 0.5242070116861436
recall = 0.7733990147783252
