acc = 0.7037598544572469
auc_roc = 0.9329831397833817
eval_loss = 0.5847369847962489
eval_loss_reg = 0.0
f1 = 0.733569675484047
global_step = 1000
loss = 0.4078810444287548
precision = 0.5845284658843981
recall = 0.9846266471449487
