acc = 0.5858095815645846
auc_roc = 0.46164183255579905
eval_loss = 0.695895737180343
eval_loss_reg = 0.0
f1 = 0.0014619883040935674
global_step = 0
loss = 2346563935.279846
precision = 0.5
recall = 0.0007320644216691069
