acc = 0.4851425106124924
auc_roc = 0.8844994073764205
eval_loss = 0.7732491753995419
eval_loss_reg = 0.0
f1 = 0.615663196016297
global_step = 400
loss = 0.561832405980536
precision = 0.4456094364351245
recall = 0.9956076134699854
