acc = 0.9389359129383313
auc_roc = 0.9737527159855148
eval_loss = 0.1893493686981786
eval_loss_reg = 0.0
f1 = 0.9272334293948127
global_step = 5000
loss = 0.03518651052387361
precision = 0.9186295503211992
recall = 0.936
