acc = 0.9174727932285369
auc_roc = 0.9706131778206275
eval_loss = 0.2829238328939447
eval_loss_reg = 0.0
f1 = 0.9056994818652849
global_step = 400
loss = 0.18772068918154072
precision = 0.8625
recall = 0.9534545454545454
