acc = 0.9419588875453446
auc_roc = 0.974534919813761
eval_loss = 0.18734328489965543
eval_loss_reg = 0.0
f1 = 0.9304851556842868
global_step = 7000
loss = 0.06418489596979335
precision = 0.9264599855803893
recall = 0.9345454545454546
