acc = 0.9410519951632407
auc_roc = 0.9737700230447255
eval_loss = 0.18875418501332974
eval_loss_reg = 0.0
f1 = 0.9276974416017799
global_step = 3000
loss = 0.2050014162707695
precision = 0.9462934947049925
recall = 0.9098181818181819
