acc = 0.870918984280532
auc_roc = 0.9689915816206556
eval_loss = 0.3908574581862642
eval_loss_reg = 0.0
f1 = 0.8618570042057587
global_step = 200
loss = 0.2250422214017056
precision = 0.7762237762237763
recall = 0.9687272727272728
