acc = 0.5837363966142685
auc_roc = 0.4530352255091003
eval_loss = 0.687767699933969
eval_loss_reg = 0.0
f1 = 0.022711142654364795
global_step = 0
loss = 3675135076.04599
precision = 0.47058823529411764
recall = 0.011636363636363636
