acc = 0.9404474002418379
auc_roc = 0.9743486808070357
eval_loss = 0.1923764542533228
eval_loss_reg = 0.0
f1 = 0.9291111910759267
global_step = 6000
loss = 0.05173745384199148
precision = 0.9195156695156695
recall = 0.9389090909090909
