acc = 0.5914893617021276
auc_roc = 0.6038403350491689
eval_loss = 0.7229028642177582
eval_loss_reg = 0.0
f1 = 0.42168674698795183
global_step = 0
loss = None
precision = 0.5426356589147286
recall = 0.3448275862068966
