acc = 0.6148936170212767
auc_roc = 0.6344716887142303
eval_loss = 1.0939148247241974
eval_loss_reg = 0.0
f1 = 0.29571984435797666
global_step = 0
loss = None
precision = 0.7037037037037037
recall = 0.18719211822660098
