acc = 0.9398428053204353
auc_roc = 0.9710975873583219
eval_loss = 0.1949354715896054
eval_loss_reg = 0.0
f1 = 0.9272926561929119
global_step = 1000
loss = 0.26805474061190265
precision = 0.9317180616740088
recall = 0.9229090909090909
