acc = 0.9383313180169287
auc_roc = 0.9738964398250484
eval_loss = 0.20501066798057693
eval_loss_reg = 0.0
f1 = 0.927038626609442
global_step = 2000
loss = 0.2225671376585849
precision = 0.912033779028853
recall = 0.9425454545454546
