acc = 0.9404474002418379
auc_roc = 0.9736738936180219
eval_loss = 0.18759422815548113
eval_loss_reg = 0.0
f1 = 0.9272257111193202
global_step = 4000
loss = 0.010868538288748552
precision = 0.9421921921921922
recall = 0.9127272727272727
