acc = 0.9416565900846433
auc_roc = 0.9716649579081033
eval_loss = 0.19805381891246027
eval_loss_reg = 0.014612839365478516
f1 = 0.9295877417001095
global_step = 1000
loss = 0.26747546757382457
precision = 0.9326500732064422
recall = 0.9265454545454546
