acc = 0.939540507859734
auc_roc = 0.9734223768988385
eval_loss = 0.18977949098468974
eval_loss_reg = 0.001040025933895116
f1 = 0.9261992619926199
global_step = 4000
loss = 0.010843756015528654
precision = 0.9400749063670412
recall = 0.9127272727272727
