acc = 0.9241233373639661
auc_roc = 0.9706876734233174
eval_loss = 0.2758617571626718
eval_loss_reg = 0.005961951377326331
f1 = 0.9123909249563699
global_step = 400
loss = 0.1903060456318305
precision = 0.8771812080536913
recall = 0.9505454545454546
