acc = 0.9416565900846433
auc_roc = 0.9738396275219865
eval_loss = 0.18957493300191486
eval_loss_reg = 0.0015266117709148068
f1 = 0.9302493675460788
global_step = 5000
loss = 0.03526934658074681
precision = 0.9245689655172413
recall = 0.936
