acc = 0.9404474002418379
auc_roc = 0.9734618821426891
eval_loss = 0.19049630459183112
eval_loss_reg = 0.0009006921826536873
f1 = 0.9267930137495356
global_step = 3000
loss = 0.20561564908160454
precision = 0.9475683890577508
recall = 0.9069090909090909
