acc = 0.9419588875453446
auc_roc = 0.9744465033156186
eval_loss = 0.18619831096237668
eval_loss_reg = 0.0021037858554978353
f1 = 0.9301818181818182
global_step = 7000
loss = 0.06460145101257109
precision = 0.9301818181818182
recall = 0.9301818181818182
