acc = 0.9410519951632407
auc_roc = 0.9734581197385128
eval_loss = 0.20117481971661058
eval_loss_reg = 0.004733061851856799
f1 = 0.9297803384947786
global_step = 2000
loss = 0.22291847710612978
precision = 0.920827389443652
recall = 0.9389090909090909
