acc = 0.9389359129383313
auc_roc = 0.9745040680995154
eval_loss = 0.1919686992903455
eval_loss_reg = 0.0020852766212614577
f1 = 0.927442528735632
global_step = 6000
loss = 0.051832467121963766
precision = 0.9162526614620298
recall = 0.9389090909090909
