acc = 0.8863361547762999
auc_roc = 0.9692865541080751
eval_loss = 0.37078442188123095
eval_loss_reg = 0.002817850264851209
f1 = 0.8757435558493061
global_step = 200
loss = 0.22783448122430378
precision = 0.8025439127801333
recall = 0.9636363636363636
