acc = 0.6021276595744681
auc_roc = 0.6143659711075442
eval_loss = 0.7141989568869272
eval_loss_reg = 0.004563093618496006
f1 = 0.39087947882736157
global_step = 0
loss = None
precision = 0.5769230769230769
recall = 0.2955665024630542
