acc = 0.6127659574468085
auc_roc = 0.6413949927123115
eval_loss = 1.1989968379338583
eval_loss_reg = 0.0
f1 = 0.2661290322580645
global_step = 0
loss = None
precision = 0.7333333333333333
recall = 0.1625615763546798
