acc = 0.5837363966142685
auc_roc = 0.4530352255091003
eval_loss = 0.687767699933969
eval_loss_reg = 4.210880620678284e-06
f1 = 0.022711142654364795
global_step = 0
loss = 3402140140.5334473
precision = 0.47058823529411764
recall = 0.011636363636363636
