acc = 0.9093374660984115
auc_roc = 0.8438630996336944
eval_loss = 0.3321184033964887
eval_loss_reg = 0.0
f1 = 0.2822085889570552
global_step = 400
loss = 0.5955450215189161
precision = 0.4946236559139785
recall = 0.19742489270386265
