acc = 0.8628438589693918
auc_roc = 0.7696112479984791
eval_loss = 0.4919741013903677
eval_loss_reg = 0.0
f1 = 0.3031496062992126
global_step = 200
loss = 0.6310689306256
precision = 0.28
recall = 0.33047210300429186
