acc = 0.870592793490895
auc_roc = 0.8573454899064861
eval_loss = 0.3818120743021553
eval_loss_reg = 0.0
f1 = 0.4506578947368421
global_step = 600
loss = 0.564273849800135
precision = 0.36533333333333334
recall = 0.5879828326180258
