acc = 0.8907400232468036
auc_roc = 0.8628291085098451
eval_loss = 0.34326256075758993
eval_loss_reg = 0.0
f1 = 0.4699248120300752
global_step = 800
loss = 0.545536459693617
precision = 0.4180602006688963
recall = 0.5364806866952789
