acc = 0.8969391708640062
auc_roc = 0.864752030766756
eval_loss = 0.32564401166674534
eval_loss_reg = 0.0
f1 = 0.47011952191235057
global_step = 1000
loss = 0.5251115767955254
precision = 0.43866171003717475
recall = 0.5064377682403434
